1	17	0
2	15	1
3	4	7
4	7	11
5	20	18
6	8	20
7	18	26
8	20	35
9	19	43
10	18	48
11	2	54
12	18	62
13	9	72
14	17	77
15	11	87
16	10	97
17	15	102
18	5	103
19	17	111
20	12	118
21	5	122
22	9	130
23	4	135
24	7	141
25	10	150
26	3	156
27	20	161
28	6	171
29	14	177
30	4	182
31	1	184
32	3	192
33	2	197
34	13	200
35	2	205
36	17	214
37	3	216
38	15	220
39	17	222
40	3	232
41	5	238
42	17	239
43	9	246
44	19	250
45	5	258
46	4	264
47	1	268
48	15	275
49	8	277
50	4	280
51	16	282
52	1	287
53	4	291
54	9	292
55	3	294
56	14	299
57	3	300
58	13	303
59	16	307
60	9	308
61	4	309
62	3	315
63	12	318
64	9	320
65	14	323
66	2	325
67	3	327
68	20	333
69	10	338
70	4	339
71	19	340
72	5	345
73	11	349
74	6	350
75	19	351
76	11	360
77	3	363
78	5	370
79	13	375
80	10	381
81	8	383
82	12	385
83	2	389
84	5	396
85	6	400
86	19	402
87	12	412
88	4	421
89	20	428
90	1	430
91	20	435
92	7	442
93	5	443
94	19	450
95	11	456
96	5	462
97	20	466
98	20	467
99	12	469
100	12	479
101	11	481
102	2	490
103	16	500
104	20	507
105	18	517
106	11	521
107	7	523
108	7	533
109	14	537
110	7	541
111	3	543
112	15	544
113	2	547
114	3	552
115	2	553
116	7	561
117	18	562
118	20	568
119	2	570
120	18	577
121	19	583
122	9	591
123	12	601
124	10	603
125	11	610
126	18	620
127	2	623
128	10	628
129	3	630
130	16	637
131	14	647
132	13	651
133	19	659
134	7	665
135	7	670
136	4	676
137	9	677
138	19	684
139	7	690
140	14	694
141	6	700
142	4	701
143	13	707
144	12	708
145	11	718
146	2	727
147	1	734
148	10	744
149	15	753
150	18	762
151	4	769
152	9	779
153	7	789
154	10	798
155	8	801
156	20	811
157	4	817
158	14	823
159	1	830
160	8	836
161	12	845
162	14	850
163	3	854
164	5	864
165	9	874
166	4	881
167	14	887
168	4	894
169	9	904
170	8	913
171	14	923
172	8	928
173	18	932
174	15	942
175	7	950
176	2	955
177	11	964
178	11	973
179	13	975
180	3	979
181	4	985
182	13	986
183	13	989
184	10	992
185	1	995
186	17	998
187	18	1002
188	10	1005
189	17	1010
190	14	1012
191	3	1014
192	3	1016
193	9	1025
194	20	1026
195	14	1028
196	5	1030
197	11	1038
198	10	1042
199	7	1043
200	5	1049